  Sent.                        Matched  Bracket   Cross        Correct Tag
 ID  Len.  Stat. Recal  Prec.  Bracket gold test Bracket Words  Tags Accracy
============================================================================
   1   36    0   86.21  83.33    25     29   30      0     33    30    90.91
   2   32    0   25.00  28.00     7     28   25     16     29    27    93.10
   3   30    0   63.16  63.16    12     19   19      5     28    23    82.14
   4   28    0   30.43  30.43     7     23   23     12     26    24    92.31
   5   14    0  100.00 100.00    15     15   15      0     13    13   100.00
   6   17    0   92.86 100.00    13     14   13      0     13    12    92.31
   7   23    1    0.00   0.00     0      0    0      0      0     0     0.00
   8   20    0   58.82  76.92    10     17   13      2     18    18   100.00
   9   17    0   95.24 100.00    20     21   20      0     14    14   100.00
  10   29    0   52.00  61.90    13     25   21      5     26    22    84.62
  11   20    0   33.33  35.29     6     18   17      4     19    14    73.68
  12   12    0   71.43  71.43     5      7    7      1     10    10   100.00
  13   29    0   36.00  36.00     9     25   25      9     28    25    89.29
  14   17    1    0.00   0.00     0      0    0      0      0     0     0.00
  15   15    0   50.00  62.50     5     10    8      2     14    13    92.86
  16   21    0   46.15  54.55     6     13   11      1     17    15    88.24
  17   10    0   50.00  71.43     5     10    7      0      9     8    88.89
  18   42    0   63.33  63.33    19     30   30     10     33    31    93.94
  19   34    0   54.17  59.09    13     24   22      6     31    27    87.10
  20   19    0   27.78  35.71     5     18   14      7     18    13    72.22
  21   15    0   50.00  55.56     5     10    9      1     11     8    72.73
  22   36    1    0.00   0.00     0      0    0      0      0     0     0.00
  23   15    0  100.00 100.00    14     14   14      0     14    13    92.86
  24    3    0    0.00   0.00     0      1    3      0      2     2   100.00
  25   48    1    0.00   0.00     0      0    0      0      0     0     0.00
  26   25    0   52.38  64.71    11     21   17      4     21    20    95.24
  27   15    1    0.00   0.00     0      0    0      0      0     0     0.00
  28   27    0   38.89  43.75     7     18   16      6     25    17    68.00
  29   15    0   83.33  76.92    10     12   13      2     14    13    92.86
  30   17    0   57.14  72.73     8     14   11      0     16    12    75.00
  31   14    1    0.00   0.00     0      0    0      0      0     0     0.00
  32   11    0   50.00  57.14     4      8    7      3     10     9    90.00
  33   24    0   33.33  43.75     7     21   16      6     23    18    78.26
  34   15    0   30.00  37.50     3     10    8      3     13    10    76.92
  35   36    0   52.38  45.83    11     21   24      3     32    29    90.62
  36   23    0   37.50  36.00     9     24   25     11     21    17    80.95
  37   20    1    0.00   0.00     0      0    0      0      0     0     0.00
  38   16    0   77.78  87.50     7      9    8      0     15    10    66.67
  39    7    0  100.00 100.00     4      4    4      0      5     4    80.00
  40   36    0   43.48  52.63    10     23   19      8     32    30    93.75
  41   16    0   60.00  75.00     6     10    8      2     13    13   100.00
  42   26    0   41.67  35.71     5     12   14      4     19    12    63.16
  43   30    0   60.00  75.00    15     25   20      3     25    17    68.00
  44   30    0   75.86  81.48    22     29   27      4     29    25    86.21
  45   26    1    0.00   0.00     0      0    0      0      0     0     0.00
  46   13    0   44.44  66.67     4      9    6      1     11     9    81.82
  47    8    0   50.00  80.00     4      8    5      1      6     6   100.00
  48   27    1    0.00   0.00     0      0    0      0      0     0     0.00
  49   31    0   40.00  40.00     8     20   20     10     26    24    92.31
  50   19    0   35.71  55.56     5     14    9      2     17    14    82.35
  51   19    0   35.29  50.00     6     17   12      4     17    13    76.47
  52    9    0   50.00  60.00     3      6    5      1      8     5    62.50
  53   35    0   77.78  91.30    21     27   23      2     32    28    87.50
  54   29    1    0.00   0.00     0      0    0      0      0     0     0.00
  55   11    0   70.00  87.50     7     10    8      1     10    10   100.00
  56   31    1    0.00   0.00     0      0    0      0      0     0     0.00
  57   16    0   53.85  58.33     7     13   12      2     15    14    93.33
  58   21    0   71.43  75.00    15     21   20      1     20    18    90.00
  59   33    1    0.00   0.00     0      0    0      0      0     0     0.00
  60   23    0   36.36  42.11     8     22   19      6     20    19    95.00
  61   33    0   57.69  62.50    15     26   24      2     27    22    81.48
  62   20    0   69.23  90.00     9     13   10      0     16    13    81.25
  63   24    0   50.00  55.56    10     20   18      7     19    19   100.00
  64   19    0   50.00  50.00     7     14   14      5     17    17   100.00
  65   22    0   65.00  76.47    13     20   17      1     21    17    80.95
  66   30    1    0.00   0.00     0      0    0      0      0     0     0.00
  67   31    1    0.00   0.00     0      0    0      0      0     0     0.00
  68   41    1    0.00   0.00     0      0    0      0      0     0     0.00
  69   18    0   56.25  64.29     9     16   14      2     17    14    82.35
  70   38    0   21.88  26.92     7     32   26     14     37    31    83.78
  71   22    1    0.00   0.00     0      0    0      0      0     0     0.00
  72   27    0   38.10  47.06     8     21   17      7     23    19    82.61
  73   14    0  100.00 100.00    10     10   10      0     13    10    76.92
  74   17    0   70.00  87.50     7     10    8      0     14    11    78.57
  75   35    0   50.00  60.00    12     24   20      6     31    27    87.10
  76   13    0   77.78 100.00     7      9    7      0     12    10    83.33
  77   18    0   60.00  75.00     9     15   12      3     17    13    76.47
  78   24    0   58.82  52.63    10     17   19      6     23    22    95.65
  79   11    0   71.43  83.33     5      7    6      0     10    10   100.00
  80   59    1    0.00   0.00     0      0    0      0      0     0     0.00
  81   22    0   85.00  89.47    17     20   19      1     21    19    90.48
  82   41    0   57.14  66.67    20     35   30      5     37    30    81.08
  83   11    0   12.50  14.29     1      8    7      3      9     6    66.67
  84   32    0   55.00  57.89    11     20   19      4     25    23    92.00
  85   12    0   54.55  66.67     6     11    9      2     10     9    90.00
  86   24    0   54.55  60.00    12     22   20      7     20    17    85.00
  87   25    0   47.83  61.11    11     23   18      2     21    19    90.48
  88   26    1    0.00   0.00     0      0    0      0      0     0     0.00
  89   13    0   83.33  71.43     5      6    7      0     12    10    83.33
  90   41    0   66.67  68.97    20     30   29      5     37    36    97.30
  91   28    0   45.45  43.48    10     22   23      9     26    23    88.46
  92   35    0   35.71  47.62    10     28   21     11     31    24    77.42
  93   35    0   60.00  64.29    18     30   28      8     33    29    87.88
  94   31    0   31.03  37.50     9     29   24     13     30    23    76.67
  95   15    0   37.50  33.33     3      8    9      5     12     6    50.00
  96   20    1    0.00   0.00     0      0    0      0      0     0     0.00
  97   32    0   47.62  58.82    10     21   17      7     28    25    89.29
  98    2    1    0.00   0.00     0      0    0      0      0     0     0.00
  99   27    0   80.95  89.47    17     21   19      0     24    22    91.67
 100   38    1    0.00   0.00     0      0    0      0      0     0     0.00
 101   29    0   63.64  77.78    14     22   18      2     24    20    83.33
 102   23    0   75.00  75.00     9     12   12      1     20    16    80.00
 103   17    0   80.00  75.00    12     15   16      1     16    16   100.00
 104   34    0   32.00  40.00     8     25   20      7     32    29    90.62
 105   14    0   70.00  77.78     7     10    9      1     11    10    90.91
 106   17    0   66.67  72.73     8     12   11      0     15    11    73.33
 107   37    0   44.44  40.00    12     27   30     14     32    30    93.75
 108   38    1    0.00   0.00     0      0    0      0      0     0     0.00
 109   18    0   66.67  75.00     6      9    8      1     14     9    64.29
 110   27    1    0.00   0.00     0      0    0      0      0     0     0.00
 111   24    0   35.00  43.75     7     20   16      7     21    17    80.95
 112   28    0   66.67  76.19    16     24   21      4     26    22    84.62
 113   15    0   25.00  28.57     4     16   14      7     13    11    84.62
 114    4    0   33.33  25.00     1      3    4      0      3     3   100.00
 115   10    0  100.00  87.50     7      7    8      0      8     8   100.00
 116   26    0   55.00  61.11    11     20   18      6     25    22    88.00
 117   32    1    0.00   0.00     0      0    0      0      0     0     0.00
 118    9    0   57.14  57.14     4      7    7      2      8     8   100.00
 119   42    0   28.57  31.58    12     42   38     23     41    37    90.24
 120   30    0   39.29  42.31    11     28   26     12     27    20    74.07
 121   21    0   54.55  60.00    12     22   20      7     19    17    89.47
 122   42    0   44.44  50.00    12     27   24     10     39    34    87.18
 123   11    0  100.00 100.00     7      7    7      0      9     9   100.00
 124   15    1    0.00   0.00     0      0    0      0      0     0     0.00
 125   28    0   50.00  55.56    10     20   18      6     25    21    84.00
 126   36    0   40.74  50.00    11     27   22      7     31    29    93.55
 127   16    0   84.62 100.00    11     13   11      0     15    14    93.33
 128   20    0   58.82  71.43    10     17   14      4     19    16    84.21
 129   16    0   62.50  71.43     5      8    7      0     15    11    73.33
 130    6    0   20.00  12.50     1      5    8      3      5     5   100.00
 131   38    0   59.26  64.00    16     27   25      8     33    31    93.94
 132   37    0   37.50  44.44    12     32   27     12     35    29    82.86
 133   23    1    0.00   0.00     0      0    0      0      0     0     0.00
 134    8    0  100.00 100.00     6      6    6      0      7     7   100.00
 135   34    0   44.44  60.00    12     27   20      6     31    27    87.10
 136    9    0   77.78  77.78     7      9    9      1      8     5    62.50
 137   25    0   33.33  37.50     6     18   16      8     22    20    90.91
 138   21    0   33.33  41.67     5     15   12      5     18    14    77.78
 139   12    0  100.00 100.00    10     10   10      0     10     9    90.00
 140   28    0   57.14  66.67    12     21   18      0     25    21    84.00
 141   26    0   75.00  88.24    15     20   17      1     25    23    92.00
 142   10    0  100.00 100.00     9      9    9      0      9     9   100.00
 143   22    0   63.16  80.00    12     19   15      1     17    16    94.12
 144   34    0   58.62  70.83    17     29   24      6     31    28    90.32
 145   11    0   45.45  55.56     5     11    9      2     10     9    90.00
 146   26    0   52.63  66.67    10     19   15      5     23    21    91.30
 147   22    1    0.00   0.00     0      0    0      0      0     0     0.00
 148    6    0  100.00 100.00     4      4    4      0      5     4    80.00
 149   16    0   63.64  70.00     7     11   10      3     13    13   100.00
 150   28    0   31.58  35.29     6     19   17      9     27    21    77.78
 151   15    0  100.00 100.00    13     13   13      0     14    13    92.86
 152   47    0   57.14  74.07    20     35   27      6     42    37    88.10
 153   12    0   70.00  77.78     7     10    9      2     11    11   100.00
 154   39    0   64.86  72.73    24     37   33      8     35    34    97.14
 155   11    0   87.50  87.50     7      8    8      0     10    10   100.00
 156   19    0   73.33  91.67    11     15   12      0     17    17   100.00
 157   18    0   33.33  35.71     5     15   14      6     17    15    88.24
 158   20    1    0.00   0.00     0      0    0      0      0     0     0.00
 159   21    0   47.06  44.44     8     17   18      1     20    19    95.00
 160   12    0  100.00 100.00     9      9    9      0     10     8    80.00
 161   21    0   76.47  76.47    13     17   17      3     20    16    80.00
 162   40    0   50.00  51.85    14     28   27     10     34    30    88.24
 163   30    0   40.00  50.00    10     25   20      8     26    22    84.62
 164   36    0   41.67  55.56    10     24   18      4     30    28    93.33
 165   30    0   41.38  48.00    12     29   25     13     28    26    92.86
 166   45    0   37.93  47.83    11     29   23      7     38    29    76.32
 167   13    0  100.00 100.00    11     11   11      0     10    10   100.00
 168   21    0   92.31 100.00    12     13   12      0     19    18    94.74
 169    9    1    0.00   0.00     0      0    0      0      0     0     0.00
 170   13    0  100.00 100.00     7      7    7      0     11    11   100.00
 171   53    0   33.33  31.82    14     42   44     25     47    38    80.85
 172    8    0   50.00  33.33     2      4    6      1      6     4    66.67
 173   15    0   70.00  70.00     7     10   10      0     11     7    63.64
 174   16    0   66.67  80.00     8     12   10      2     15    14    93.33
 175   13    0   11.11  14.29     1      9    7      5     11     7    63.64
 176   10    1    0.00   0.00     0      0    0      0      0     0     0.00
 177   57    0   43.14  51.16    22     51   43     13     54    45    83.33
 178   10    0  100.00 100.00     7      7    7      0      9     8    88.89
 179   14    0   54.55  75.00     6     11    8      2     13    12    92.31
 180   34    0   40.74  47.83    11     27   23      8     30    22    73.33
 181   63    0   52.50  75.00    21     40   28      3     54    47    87.04
 182   33    0   59.26  64.00    16     27   25      5     29    26    89.66
 183   25    0   56.25  60.00     9     16   15      6     23    19    82.61
 184   14    0   63.64  63.64     7     11   11      1     13    10    76.92
 185   24    0   60.00  52.94     9     15   17      3     19    17    89.47
 186   21    0   70.00  87.50    14     20   16      1     20    19    95.00
 187   11    0   75.00 100.00     6      8    6      0     10    10   100.00
 188   13    0   80.00  88.89     8     10    9      1     12    11    91.67
 189   26    0   43.48  47.62    10     23   21      8     24    20    83.33
 190    6    0   33.33  25.00     1      3    4      0      4     2    50.00
 191   20    0   63.16  66.67    12     19   18      3     17    14    82.35
 192   31    0   58.33  66.67    14     24   21      6     28    25    89.29
 193   31    0   72.22  72.22    13     18   18      2     24    22    91.67
 194   13    0   90.00  90.00     9     10   10      0     12    12   100.00
 195   18    0   84.62  91.67    11     13   12      0     15    14    93.33
 196   29    0   63.16  66.67    12     19   18      2     27    25    92.59
 197   25    1    0.00   0.00     0      0    0      0      0     0     0.00
 198   16    0   61.54  72.73     8     13   11      1     15    14    93.33
 199    7    0  100.00 100.00     4      4    4      0      5     4    80.00
 200   22    0   52.38  57.89    11     21   19      2     21    17    80.95
 201   23    1    0.00   0.00     0      0    0      0      0     0     0.00
 202   27    0   50.00  68.75    11     22   16      3     25    20    80.00
 203   15    0   42.86  50.00     6     14   12      5     14    11    78.57
 204    5    0  100.00 100.00     4      4    4      0      4     3    75.00
 205   48    0   40.74  37.93    11     27   29     15     43    37    86.05
 206   32    0   35.00  36.84     7     20   19      5     29    23    79.31
 207   28    1    0.00   0.00     0      0    0      0      0     0     0.00
 208    9    0  100.00  83.33     5      5    6      0      8     5    62.50
 209   47    0   57.14  62.50    20     35   32      7     42    41    97.62
 210    5    0    0.00   0.00     0      1    4      0      3     2    66.67
 211   38    1    0.00   0.00     0      0    0      0      0     0     0.00
 212   23    0   36.00  42.86     9     25   21     10     22    16    72.73
 213   35    0   64.29  72.00    18     28   25      4     32    25    78.12
 214   47    1    0.00   0.00     0      0    0      0      0     0     0.00
 215    4    0    0.00   0.00     0      2    4      0      3     0     0.00
 216   56    0   29.41  31.25    15     51   48     25     50    45    90.00
 217   18    0   62.50  76.92    10     16   13      3     17    16    94.12
 218   21    0   16.67  18.18     2     12   11      6     15    13    86.67
 219   35    0   40.74  45.83    11     27   24     10     31    26    83.87
 220   26    0   66.67  80.00    12     18   15      2     23    19    82.61
 221   23    0   47.37  60.00     9     19   15      3     20    11    55.00
 222   32    1    0.00   0.00     0      0    0      0      0     0     0.00
 223   11    1    0.00   0.00     0      0    0      0      0     0     0.00
 224   31    0   29.63  34.78     8     27   23     14     29    25    86.21
 225   30    0   63.16  70.59    12     19   17      2     27    25    92.59
 226   30    0   59.09  65.00    13     22   20      6     28    25    89.29
 227   18    0  100.00 100.00    18     18   18      0     16    15    93.75
 228   31    1    0.00   0.00     0      0    0      0      0     0     0.00
 229   11    0   71.43  83.33     5      7    6      0     10     7    70.00
 230   12    0   69.23  81.82     9     13   11      0     11    10    90.91
 231    8    0   57.14  44.44     4      7    9      0      7     7   100.00
 232   14    1    0.00   0.00     0      0    0      0      0     0     0.00
 233   18    0   36.84  43.75     7     19   16      9     16    14    87.50
 234   33    0   33.33  36.36     8     24   22      8     24    18    75.00
 235   24    0   83.33  83.33    20     24   24      3     22    18    81.82
 236   15    0  100.00 100.00     9      9    9      0     13    13   100.00
 237   28    0   42.31  64.71    11     26   17      2     26    22    84.62
 238   25    0   36.84  41.18     7     19   17      9     21    17    80.95
 239   11    0   88.89 100.00     8      9    8      0      7     7   100.00
 240   36    1    0.00   0.00     0      0    0      0      0     0     0.00
 241   19    0   90.91  90.91    10     11   11      1     16    15    93.75
 242    6    0   50.00  50.00     2      4    4      0      5     5   100.00
 243   18    0   46.15  54.55     6     13   11      4     17    15    88.24
 244   20    0   71.43  83.33    10     14   12      1     15    12    80.00
 245   25    0   30.00  35.29     6     20   17      4     23    15    65.22
 246   12    0   60.00  85.71     6     10    7      1     11     9    81.82
 247    7    0   50.00  75.00     3      6    4      0      6     4    66.67
 248   34    0   40.74  44.00    11     27   25      7     30    27    90.00
 249   25    0   60.00  66.67    12     20   18      3     20    15    75.00
 250   27    1    0.00   0.00     0      0    0      0      0     0     0.00
 251   28    1    0.00   0.00     0      0    0      0      0     0     0.00
 252   26    0   56.00  63.64    14     25   22      7     22    18    81.82
 253   19    0   83.33  83.33    10     12   12      1     16    14    87.50
 254   41    0   40.00  47.06    16     40   34     17     38    33    86.84
 255    2    0    0.00   0.00     0      1    3      0      2     2   100.00
 256   17    0   52.94  52.94     9     17   17      4     16    13    81.25
 257   36    0   62.50  65.22    15     24   23      1     34    32    94.12
 258   45    1    0.00   0.00     0      0    0      0      0     0     0.00
 259    2    1    0.00   0.00     0      0    0      0      0     0     0.00
 260   35    0   53.57  55.56    15     28   27      9     33    29    87.88
 261   33    1    0.00   0.00     0      0    0      0      0     0     0.00
 262   13    0  100.00 100.00    10     10   10      0     11    10    90.91
 263   25    0   58.82  71.43    10     17   14      3     22    19    86.36
 264   51    0   38.24  46.43    13     34   28     11     48    39    81.25
 265   36    1    0.00   0.00     0      0    0      0      0     0     0.00
 266   78    1    0.00   0.00     0      0    0      0      0     0     0.00
 267   57    0   48.78  48.78    20     41   41     12     48    36    75.00
 268   50    1    0.00   0.00     0      0    0      0      0     0     0.00
 269   15    0   90.00  81.82     9     10   11      0     14    10    71.43
 270   21    0   57.14  61.54     8     14   13      3     19    14    73.68
 271   24    0   43.75  41.18     7     16   17      5     20    17    85.00
 272   15    0   60.00  75.00     6     10    8      1     14    12    85.71
 273   18    0   80.00  72.73     8     10   11      0     15    12    80.00
 274   26    0   77.27  85.00    17     22   20      2     23    21    91.30
 275   15    0   80.00  88.89     8     10    9      0     14    13    92.86
 276   24    0   38.89  41.18     7     18   17      7     19    14    73.68
 277    6    0  100.00 100.00     4      4    4      0      5     5   100.00
 278   24    1    0.00   0.00     0      0    0      0      0     0     0.00
 279   10    0   33.33  28.57     2      6    7      0      6     4    66.67
 280   42    1    0.00   0.00     0      0    0      0      0     0     0.00
 281   33    0   56.67  68.00    17     30   25      5     30    25    83.33
 282   28    0   72.00  81.82    18     25   22      1     25    21    84.00
 283   37    1    0.00   0.00     0      0    0      0      0     0     0.00
